2777 
765 
357 
23 
2199 
1830 
750 
215 
2200 
1912 
942 
2071 
790 
1152 
2764 
1623 
849 
1787 
1481 
1013 
2205 
2459 
2430 
15 
1025 
1044 
2113 
753 
356 
585 
152 
1294 
82 
868 
2952 
1920 
755 
2399 
1441 
2917 
1248 
205 
999 
1883 
386 
1404 
873 
267 
2824 
1062 
2532 
1833 
2745 
418 
1006 
952 
2959 
167 
1896 
225 
389 
1739 
1754 
2927 
94 
2529 
658 
1758 
2860 
392 
275 
2763 
1808 
1881 
660 
1274 
692 
827 
2006 
860 
2394 
1904 
1284 
2764 
523 
870 
290 
587 
2095 
126 
478 
950 
1583 
2830 
1190 
2825 
1024 
2579 
1632 
2306 
2014 
2950 
695 
699 
2616 
1208 
2955 
630 
2712 
182 
2691 
224 
1812 
2930 
2241 
2130 
640 
2255 
1111 
138 
1203 
838 
2635 
796 
1137 
2525 
2097 
326 
206 
1697 
523 
2612 
2479 
1896 
1511 
293 
2778 
172 
134 
2170 
2962 
2611 
2536 
2771 
2807 
1021 
1956 
543 
763 
1867 
1137 
2398 
1205 
822 
1506 
238 
2918 
204 
2222 
1377 
1480 
202 
1084 
776 
1796 
1859 
426 
224 
2830 
272 
2712 
2817 
2355 
2479 
216 
2316 
1308 
132 
252 
1310 
2760 
1276 
124 
2127 
1525 
49 
691 
893 
1373 
2158 
2824 
86 
1735 
1487 
1763 
256 
2828 
1561 
541 
2682 
925 
3001 
1017 
658 
2106 
616 
995 
2874 
1188 
2795 
2789 
2517 
2786 
714 
1394 
1303 
302 
2604 
2690 
1882 
99 
2608 
1665 
1335 
1206 
1114 
842 
1479 
2789 
1447 
2993 
2085 
2598 
2839 
1771 
2735 
895 
2455 
371 
2832 
517 
140 
1116 
2592 
1750 
1569 
1346 
1300 
1234 
2477 
2089 
310 
369 
175 
2158 
542 
2465 
2082 
548 
1568 
1909 
147 
2050 
1526 
1288 
760 
1414 
874 
2017 
389 
263 
806 
1959 
1447 
2687 
2498 
770 
1903 
790 
1569 
2451 
2340 
157 
860 
1195 
1882 
813 
1664 
2101 
1289 
1947 
29 
1278 
855 
1815 
720 
2977 
550 
44 
1452 
1120 
1860 
2380 
884 
2558 
2376 
1815 
569 
409 
2912 
1844 
834 
1198 
444 
1600 
563 
2711 
816 
1082 
814 
2868 
1982 
755 
2321 
1788 
2131 
2727 
1614 
1115 
2152 
459 
1141 
1415 
2123 
2004 
2488 
2725 
1555 
2170 
1631 
1852 
1867 
1056 
1975 
2089 
1864 
1310 
2986 
784 
2229 
380 
361 
686 
1109 
761 
2895 
1947 
1616 
2790 
327 
245 
422 
863 
2279 
1532 
1340 
1853 
1085 
973 
1915 
1064 
760 
1621 
1477 
217 
2480 
2335 
156 
1275 
2636 
1018 
1233 
1553 
819 
1122 
1961 
271 
903 
1400 
593 
2850 
1696 
1220 
2445 
2331 
2475 
603 
1293 
1461 
1067 
966 
2492 
1084 
1093 
416 
961 
2458 
929 
1893 
2599 
721 
215 
1743 
278 
2836 
1154 
1717 
2766 
52 
1373 
140 
987 
289 
2849 
509 
2250 
2346 
1946 
1765 
2999 
1886 
109 
1493 
1970 
2747 
2400 
2488 
721 
2022 
3009 
1367 
607 
2644 
1851 
98 
832 
1477 
536 
2557 
2453 
2484 
2981 
768 
20 
11 
627 
2120 
1451 
801 
1504 
1649 
20 
2687 
880 
696 
298 
1573 
2868 
894 
1264 
1343 
302 
1352 
2442 
811 
805 
2407 
935 
1452 
1799 
2283 
2149 
2369 
2181 
456 
440 
2016 
1034 
544 
1220 
1959 
2040 
884 
2672 
999 
227 
697 
2680 
1822 
75 
2892 
351 
791 
1914 
1351 
1028 
1337 
1595 
2752 
2982 
2893 
639 
460 
357 
2319 
529 
2715 
2164 
2561 
1174 
305 
2767 
1338 
298 
2875 
2330 
2480 
2721 
3009 
104 
1823 
1647 
1672 
648 
1771 
2519 
2784 
1953 
1950 
1881 
2203 
2479 
374 
873 
33 
286 
380 
2584 
1929 
1728 
2447 
575 
2315 
524 
2449 
806 
63 
2462 
1676 
1430 
2924 
621 
2320 
1731 
2002 
243 
2971 
1472 
985 
2991 
1960 
1930 
1891 
973 
2807 
1851 
1670 
1513 
1000 
2359 
933 
1038 
2236 
357 
1402 
946 
803 
791 
2476 
535 
760 
2474 
111 
2907 
708 
345 
146 
1434 
83 
712 
524 
2559 
980 
269 
19 
2971 
2522 
1868 
308 
1141 
1234 
2539 
995 
1866 
2655 
723 
962 
1356 
2544 
78 
95 
1867 
680 
2691 
1661 
632 
873 
203 
752 
260 
906 
765 
2402 
2243 
806 
509 
2264 
2763 
749 
1783 
2533 
2596 
1705 
3000 
2966 
820 
578 
1113 
295 
1478 
1343 
1101 
2637 
767 
2252 
477 
2850 
2195 
978 
148 
554 
485 
1385 
1318 
1148 
481 
2416 
2220 
1693 
1679 
1153 
1356 
2572 
2139 
1803 
209 
2184 
1831 
2376 
1868 
2943 
962 
1214 
2995 
449 
2458 
1923 
711 
2375 
235 
1973 
1203 
1969 
2147 
1391 
950 
2687 
1141 
1879 
2463 
1719 
1128 
1177 
18 
288 
1558 
2699 
1481 
15 
1579 
3009 
608 
2498 
111 
1124 
815 
2468 
1328 
817 
415 
2357 
469 
2873 
1992 
1110 
2903 
1385 
1786 
1810 
203 
813 
2200 
1519 
634 
1215 
1651 
1098 
2816 
2184 
2962 
2458 
1618 
2264 
3007 
1573 
1785 
638 
2663 
1106 
2097 
868 
980 
282 
1365 
2292 
1827 
396 
431 
2104 
2720 
2995 
742 
1627 
1817 
1719 
2210 
1351 
2104 
2113 
2209 
1026 
2962 
1122 
2259 
2618 
1102 
2246 
2916 
1249 
1984 
971 
2068 
2407 
1127 
837 
126 
2983 
1647 
2808 
1080 
2609 
1790 
312 
2486 
3001 
652 
2541 
664 
225 
1181 
2909 
1616 
1690 
2846 
1821 
1973 
818 
1294 
2843 
787 
137 
2904 
2935 
2353 
1192 
900 
87 
1237 
916 
2735 
1451 
1348 
1355 
899 
2797 
2913 
2766 
2578 
872 
880 
1585 
2489 
1476 
28 
208 
1598 
946 
797 
2573 
1004 
781 
1461 
460 
1787 
838 
2601 
1369 
2997 
2255 
1893 
2961 
108 
1412 
1548 
1270 
2032 
187 
2217 
655 
1760 
1145 
2160 
1597 
345 
2251 
214 
608 
1800 
1511 
2367 
606 
2484 
1936 
2376 
2938 
303 
2034 
2985 
336 
754 
1434 
1523 
1049 
2283 
2512 
1657 
2499 
1053 
2914 
397 
1044 
1299 
2188 
3008 
2041 
774 
2982 
1843 
1306 
432 
626 
2489 
1052 
702 
411 
2851 
1267 
1378 
2675 
998 
132 
2671 
1022 
385 
2642 
1765 
404 
2884 
2689 
1418 
1262 
2102 
2324 
227 
553 
1204 
372 
1512 
384 
2516 
163 
1871 
753 
1926 
158 
1502 
1186 
2708 
2778 
1513 
2194 
87 
79 
688 
904 
358 
2681 
2971 
1523 
1649 
1532 
1814 
28 
1069 
1268 
1023 
863 
1979 
2305 
1333 
1279 
2196 
2593 
2824 
1056 
425 
1208 
1120 
2765 
1985 
322 
1645 
769 
37 
777 
1308 
1717 
1162 
544 
1763 
950 
2526 
1016 
11 
2531 
1254 
976 
2965 
2042 
2062 
691 
2085 
273 
2129 
1188 
504 
1042 
1378 
108 
925 
453 
2698 
1352 
1503 
502 
1843 
1175 
2590 
1562 
2842 
677 
2654 
2024 
2939 
2002 
2582 
1629 
2032 
804 
1876 
276 
1056 
734 
2822 
2465 
282 
414 
2599 
1601 
1067 
1489 
989 
2238 
1628 
2757 
1904 
2999 
2451 
1517 
1323 
1865 
1902 
1032 
2263 
1870 
2655 
2503 
2122 
404 
1734 
2228 
1128 
692 
2642 
1443 
401 
1397 
865 
995 
791 
1569 
1606 
1349 
639 
166 
1234 
1359 
2016 
1660 
635 
782 
2571 
2683 
2721 
2425 
732 
1366 
381 
936 
2880 
139 
2841 
925 
2916 
926 
1804 
2418 
713 
1848 
420 
2007 
1515 
1048 
180 
568 
1490 
2687 
2583 
2408 
1745 
913 
677 
356 
605 
2388 
2306 
2714 
2536 
2576 
2271 
1611 
112 
137 
2519 
1686 
1425 
1585 
2659 
935 
1074 
1234 
2654 
1143 
2790 
2716 
1972 
143 
1049 
1668 
338 
910 
318 
2437 
2482 
247 
1404 
1449 
1098 
1645 
1630 
1304 
951 
2070 
967 
1538 
1393 
993 
940 
445 
416 
434 
725 
846 
2769 
1385 
208 
1706 
1795 
2406 
1853 
1255 
2841 
1361 
703 
1737 
2730 
1891 
1529 
2652 
1601 
2698 
488 
1018 
870 
2957 
863 
1810 
666 
2324 
1243 
461 
1358 
2226 
1562 
1109 
1068 
1564 
1683 
2621 
14 
2960 
950 
2409 
230 
2025 
2272 
2199 
644 
2444 
2920 
2708 
2857 
2484 
2710 
181 
1634 
978 
1397 
2050 
2302 
1772 
1069 
460 
62 
1551 
2548 
377 
2830 
2132 
1794 
2150 
1110 
435 
1615 
925 
2676 
2089 
188 
2069 
1206 
1300 
846 
2887 
1297 
262 
1732 
590 
2432 
507 
2089 
2496 
369 
735 
1331 
3002 
1537 
2876 
2538 
1937 
858 
1012 
2310 
2357 
2223 
841 
2763 
84 
1578 
713 
1640 
2270 
1621 
1647 
1939 
1515 
501 
2953 
846 
2727 
2390 
2104 
311 
1849 
1050 
51 
2753 
688 
415 
1748 
1899 
1956 
1316 
1137 
2907 
346 
2303 
2487 
540 
2368 
2820 
1844 
68 
2143 
1192 
1637 
907 
25 
837 
487 
1952 
1280 
2245 
2618 
1061 
681 
266 
2481 
1496 
464 
2235 
550 
1612 
2748 
2747 
2047 
2938 
820 
1052 
2337 
257 
1857 
2412 
1560 
1371 
1551 
2905 
1783 
1111 
1105 
679 
1091 
1608 
2275 
897 
2564 
1201 
723 
922 
2644 
2505 
1651 
906 
1937 
2750 
2052 
2685 
2657 
1103 
2553 
2410 
939 
795 
1587 
644 
952 
511 
448 
2771 
1794 
2287 
452 
86 
1422 
2070 
311 
2981 
1960 
130 
2406 
2585 
2607 
2427 
1928 
19 
1389 
2727 
1633 
2986 
1854 
174 
2637 
2018 
2485 
821 
525 
644 
2779 
2874 
737 
179 
2334 
176 
2403 
2999 
567 
2445 
2292 
667 
792 
1345 
1812 
1482 
793 
1357 
978 
2348 
345 
1111 
2818 
1618 
2842 
978 
2348 
1278 
25 
1484 
1445 
1133 
1169 
775 
132 
2540 
1529 
1324 
2516 
1072 
630 
2708 
322 
374 
1883 
189 
1240 
1950 
2489 
1476 
1906 
1357 
2926 
792 
1248 
2946 
1204 
539 
1144 
2043 
1183 
2325 
1832 
2894 
820 
1088 
1900 
2756 
2557 
1944 
728 
1387 
1571 
16 
802 
1642 
1086 
1315 
2409 
240 
1732 
82 
1854 
921 
210 
2119 
2108 
1941 
2828 
664 
2329 
2480 
371 
378 
923 
1323 
1178 
959 
357 
1977 
1698 
2785 
2479 
1737 
2219 
2132 
1276 
1151 
369 
985 
746 
970 
1739 
402 
1736 
1923 
2375 
1931 
2607 
2064 
2958 
398 
1387 
928 
1913 
305 
547 
2564 
1465 
1214 
2031 
2030 
1416 
1117 
2572 
953 
851 
471 
3008 
2388 
979 
2436 
2378 
2219 
1597 
1624 
589 
2944 
2419 
21 
1831 
15 
1471 
2798 
2403 
2169 
1676 
2313 
914 
2077 
1572 
707 
1909 
1635 
189 
2839 
951 
1300 
1578 
870 
430 
2968 
960 
2084 
2668 
1081 
133 
3002 
41 
1182 
1345 
1325 
2731 
2922 
1336 
629 
13 
966 
2133 
1628 
2743 
1456 
334 
449 
2246 
2721 
1013 
1474 
1215 
1604 
1059 
2682 
1383 
671 
1174 
1379 
2286 
1944 
1182 
943 
2036 
1124 
938 
296 
1769 
2683 
52 
44 
1459 
856 
404 
1587 
2920 
551 
2373 
1048 
2521 
767 
1070 
399 
1865 
1154 
2208 
2750 
2158 
431 
2090 
973 
3004 
916 
2136 
171 
2213 
669 
2214 
2486 
2476 
2521 
1342 
2350 
231 
2796 
1093 
1045 
27 
299 
959 
572 
1589 
409 
957 
1962 
2592 
2639 
2221 
498 
2508 
683 
2710 
2714 
2546 
510 
2951 
936 
13 
888 
1489 
1664 
419 
1575 
2343 
1161 
2512 
2587 
1908 
685 
2936 
2055 
1401 
1248 
459 
1672 
2668 
834 
994 
2374 
1430 
1240 
1068 
601 
2978 
828 
2168 
123 
2153 
1340 
727 
301 
2162 
2956 
1972 
2396 
2827 
1018 
799 
333 
1085 
600 
2672 
1387 
498 
3006 
2091 
864 
2412 
375 
2759 
2344 
935 
131 
191 
640 
1094 
177 
1820 
1778 
581 
2907 
573 
1840 
1005 
1886 
2494 
849 
151 
545 
2633 
503 
2671 
2651 
1708 
2551 
1587 
377 
2817 
2879 
623 
44 
727 
2467 
2538 
699 
912 
2443 
826 
757 
1509 
830 
1849 
1614 
2887 
2045 
227 
607 
2719 
2619 
1114 
1493 
2959 
724 
520 
213 
2815 
1484 
1711 
1546 
543 
1381 
2203 
1771 
1850 
729 
2580 
1137 
2385 
1863 
156 
610 
1013 
1645 
62 
691 
930 
174 
395 
1041 
1676 
57 
2430 
1033 
660 
2948 
1289 
1653 
1172 
2364 
2194 
2027 
2002 
934 
2894 
612 
2730 
1791 
1304 
2634 
441 
1128 
675 
652 
2084 
1657 
1491 
65 
2934 
1902 
2191 
431 
817 
176 
1161 
1633 
382 
2239 
1966 
231 
1676 
2860 
534 
2752 
1764 
1368 
657 
1243 
2458 
95 
129 
2068 
1931 
2643 
439 
13 
530 
1978 
1214 
2097 
1341 
49 
1026 
2468 
1441 
1499 
961 
1716 
2569 
1278 
1451 
1575 
2273 
597 
1276 
1486 
2486 
259 
2180 
735 
750 
1458 
2977 
1086 
2518 
402 
1924 
1588 
207 
689 
2352 
1025 
702 
1608 
2132 
2752 
2210 
889 
84 
1436 
148 
1078 
28 
1810 
1791 
2738 
86 
1288 
1103 
1420 
1094 
3003 
2850 
1682 
2861 
2368 
1799 
1935 
1846 
516 
2593 
2798 
2105 
879 
2123 
2857 
2224 
2546 
2664 
2883 
1143 
1762 
1030 
2768 
238 
2254 
2376 
1339 
929 
75 
2664 
2145 
2315 
51 
1077 
1893 
2001 
1631 
2882 
1085 
2804 
2111 
433 
1050 
2904 
336 
2059 
1059 
2931 
39 
2947 
1642 
1061 
1206 
595 
2357 
2885 
1606 
2374 
193 
1505 
227 
2920 
55 
1517 
2369 
27 
2436 
82 
1936 
2863 
2672 
1298 
2413 
1169 
1474 
956 
390 
2566 
852 
1026 
192 
178 
182 
1001 
2976 
1698 
1511 
1961 
2449 
578 
1458 
1548 
2126 
1928 
582 
1192 
127 
2546 
1358 
1923 
2914 
1297 
2413 
1109 
2079 
953 
2483 
2199 
507 
2348 
2331 
1793 
156 
2924 
2569 
184 
1957 
556 
2825 
2956 
1078 
988 
1395 
2687 
956 
2114 
816 
1961 
1932 
1917 
402 
340 
1169 
987 
1070 
232 
2144 
621 
2997 
1000 
2409 
859 
2343 
1589 
2442 
1885 
1210 
702 
1880 
2853 
1352 
366 
2938 
2629 
1139 
1336 
628 
1683 
2049 
119 
2967 
146 
1656 
315 
729 
1346 
1390 
1756 
2040 
2612 
2957 
1266 
1284 
854 
2551 
2021 
1203 
1938 
2247 
2385 
1546 
958 
2994 
2063 
2323 
474 
1702 
155 
1145 
1278 
800 
1381 
161 
1920 
1638 
1763 
433 
2780 
89 
1118 
2434 
1484 
1793 
471 
1929 
153 
2111 
910 
2617 
2982 
2969 
2664 
1009 
2544 
2589 
2805 
216 
383 
765 
1596 
69 
1028 
1661 
431 
1347 
590 
1982 
304 
2478 
1541 
2163 
1013 
627 
215 
1638 
2341 
598 
1993 
827 
388 
1436 
2054 
446 
82 
2051 
2846 
885 
2657 
165 
1532 
2825 
2009 
101 
2559 
143 
1922 
72 
553 
626 
1359 
1083 
1764 
950 
213 
121 
2790 
2143 
908 
793 
279 
1919 
266 
1345 
1989 
728 
2443 
2320 
556 
96 
2107 
2042 
1871 
2185 
853 
1283 
2098 
1817 
1986 
1592 
1122 
2066 
1757 
1149 
2096 
2576 
2796 
2326 
1692 
2868 
1355 
1995 
385 
1090 
1821 
2613 
385 
1887 
139 
1049 
1655 
1963 
1826 
1033 
2317 
1007 
400 
1950 
2831 
1226 
2714 
566 
2322 
2109 
1446 
959 
216 
2206 
934 
2382 
2402 
2204 
758 
2567 
2134 
795 
909 
2651 
1361 
408 
1115 
2332 
1226 
1186 
1726 
2864 
603 
746 
416 
1085 
1597 
2202 
1097 
2884 
1292 
1403 
2834 
2932 
3006 
1335 
511 
2775 
2375 
698 
2960 
1722 
1553 
1112 
1040 
1825 
1787 
890 
2601 
2791 
1742 
2896 
259 
2423 
2411 
1101 
814 
2182 
2240 
72 
343 
2894 
1088 
527 
2806 
2552 
2020 
2469 
2646 
1416 
140 
215 
1475 
1370 
1074 
2388 
2533 
1877 
1187 
2151 
659 
278 
1563 
1234 
1999 
334 
611 
2533 
2645 
2977 
294 
2632 
2540 
2117 
1443 
2495 
2919 
2165 
2965 
1603 
1037 
329 
1070 
2547 
2161 
1370 
1957 
1082 
2981 
1288 
1666 
757 
1618 
1445 
2622 
701 
2526 
1099 
2156 
597 
1516 
2398 
520 
1877 
1453 
1548 
158 
885 
1142 
1181 
885 
629 
1939 
992 
2966 
1561 
865 
497 
392 
2511 
991 
1629 
774 
2205 
2311 
1625 
2966 
25 
2956 
1013 
1899 
426 
1241 
1156 
1169 
1094 
623 
2776 
1693 
2567 
2491 
2856 
2301 
1126 
1178 
2807 
1433 
1816 
490 
695 
2194 
2951 
1514 
1841 
2646 
2749 
2214 
1540 
2825 
1487 
3002 
3006 
1944 
1145 
1736 
125 
2807 
1371 
2295 
178 
2854 
2157 
2378 
2422 
2052 
2197 
746 
1815 
131 
880 
1559 
2216 
745 
2417 
801 
2968 
1609 
414 
1856 
194 
497 
1132 
2499 
607 
337 
432 
1497 
1024 
1345 
1267 
639 
2227 
331 
2374 
2967 
1671 
1978 
2095 
438 
1543 
2883 
2524 
433 
1167 
1427 
2857 
843 
1534 
1174 
2429 
2064 
2005 
694 
202 
1944 
662 
52 
258 
2038 
1706 
2625 
1092 
2473 
802 
38 
66 
2087 
1371 
1422 
905 
1178 
2208 
1460 
2450 
1094 
1589 
825 
135 
1659 
1317 
2859 
948 
954 
477 
1577 
2222 
1599 
702 
1088 
1534 
1845 
1162 
1092 
2879 
1257 
1563 
1887 
2601 
308 
2474 
1506 
833 
2101 
289 
1189 
1009 
2633 
120 
2009 
440 
315 
872 
208 
2556 
2526 
638 
2739 
1821 
688 
1526 
2258 
2749 
2704 
2845 
2789 
835 
2241 
567 
2072 
1817 
2470 
1752 
1355 
846 
1727 
1578 
580 
984 
1539 
1249 
469 
123 
80 
514 
1064 
645 
408 
1788 
2100 
2815 
1144 
38 
1816 
1993 
74 
866 
615 
2261 
1240 
580 
1500 
2688 
127 
2582 
1912 
918 
1552 
1711 
474 
2534 
1285 
2153 
1717 
2306 
900 
771 
152 
1578 
213 
1178 
169 
2069 
2629 
2650 
876 
690 
2957 
532 
2373 
1182 
1328 
2942 
2429 
1429 
165 
1266 
1706 
983 
2600 
1713 
56 
1033 
2657 
10 
1248 
2228 
1068 
1747 
25 
2191 
1688 
721 
100 
2983 
341 
2330 
736 
1524 
1447 
1275 
321 
442 
102 
999 
1723 
320 
1503 
688 
1617 
2081 
1040 
1608 
2242 
2896 
2431 
2073 
1461 
1417 
2624 
2606 
2278 
257 
2881 
1799 
103 
2340 
1270 
2185 
2817 
655 
493 
681 
746 
2578 
2326 
1857 
207 
1794 
1197 
2849 
2831 
1676 
1308 
2745 
658 
2994 
152 
2971 
123 
478 
1488 
744 
2285 
243 
2937 
2218 
197 
600 
1421 
1620 
2855 
2388 
2406 
2577 
336 
791 
2621 
2234 
333 
2349 
2467 
1564 
560 
2824 
35 
731 
1935 
1242 
384 
2734 
2370 
1471 
368 
2015 
1688 
485 
1493 
2095 
426 
1450 
2473 
2902 
2185 
1822 
498 
1017 
1396 
2065 
1484 
392 
1247 
862 
1638 
2048 
1479 
2684 
1090 
1183 
2403 
1247 
1162 
1738 
546 
2317 
1825 
634 
1988 
2300 
2701 
1997 
1056 
2841 
1952 
2726 
1454 
541 
2667 
464 
865 
1313 
1227 
648 
2989 
1951 
1200 
2003 
43 
700 
1068 
1213 
1876 
2241 
1933 
547 
708 
94 
2397 
329 
1770 
1589 
2791 
667 
1667 
764 
1300 
657 
2952 
175 
2211 
2863 
1942 
2500 
124 
2953 
1380 
731 
2470 
2072 
2705 
1135 
941 
2731 
2021 
1488 
1579 
857 
1257 
1008 
1650 
925 
2571 
1492 
791 
706 
1679 
1455 
2811 
862 
2779 
1639 
662 
1253 
2861 
1026 
899 
2352 
1771 
754 
2847 
1261 
1649 
2793 
1060 
1006 
2625 
1449 
1797 
578 
932 
2711 
825 
2178 
11 
466 
1092 
1134 
1190 
94 
289 
1947 
642 
2541 
2200 
1703 
161 
910 
120 
2455 
2454 
2920 
1450 
2321 
2793 
1273 
592 
819 
2922 
2539 
2167 
950 
2355 
2896 
338 
2687 
353 
892 
1214 
206 
1133 
2355 
1460 
1280 
722 
1507 
599 
68 
1228 
1354 
589 
308 
112 
211 
2977 
2269 
1174 
2958 
1140 
453 
119 
1164 
1800 
912 
2401 
1416 
2237 
1762 
776 
2630 
361 
2396 
2862 
2207 
2448 
1343 
157 
2798 
782 
122 
2793 
981 
745 
2939 
2903 
2187 
1889 
1341 
1434 
1387 
684 
2924 
566 
1770 
1152 
1931 
1245 
2023 
395 
1498 
1262 
345 
773 
2990 
700 
628 
1778 
2340 
723 
2940 
1294 
467 
408 
585 
1783 
1339 
425 
1395 
1890 
976 
1751 
2448 
1938 
874 
1828 
818 
355 
779 
2637 
2697 
1425 
1730 
2971 
370 
1804 
1202 
1271 
1225 
322 
1248 
370 
71 
981 
1631 
597 
429 
1125 
2082 
457 
2196 
2660 
1330 
2388 
823 
785 
2125 
