2239
1082
1858
54
2117
1904
1812
1590
223
87
2507
2607
2716
473
107
413
2297
546
447
2403
1786
642
314
2145
1447
2299
1978
1653
1212
1243
2822
2576
2421
458
934
1086
682
1498
1945
358
454
2411
148
933
554
1505
795
1721
1518
2959
1022
2386
171
576
1245
2158
583
1435
467
2754
2590
1883
826
60
508
1180
1102
1470
847
1603
1143
398
2699
1863
177
2485
2047
1840
2847
936
2655
974
672
1319
2233
2580
2864
2810
2751
769
1537
1548
1965
653
1936
2566
2193
928
2171
2912
1327
834
51
2845
2760
2360
1715
2977
2373
896
2779
1775
1283
1301
465
2796
2359
591
2488
2688
1785
1736
2611
1004
1056
1062
829
2501
69
74
1742
607
645
2351
575
2927
2039
278
1540
699
2272
2235
1027
1361
662
2895
1258
2465
1173
2051
3000
1879
660
1350
583
2084
1184
1970
1224
554
2403
1841
648
480
2618
1298
952
174
633
1297
1451
1754
2305
1224
326
377
351
168
1247
694
597
2877
2003
2826
1932
739
817
566
775
622
397
1580
1170
1520
887
1055
1862
1216
499
41
808
1471
519
2883
2341
675
517
1171
297
1512
1854
1375
2368
1951
1560
1130
1980
2937
36
785
2999
2256
1676
1930
339
2241
901
2018
415
1258
1971
2794
799
2856
1953
165
1083
9
1524
256
2466
1790
143
650
31
1561
2615
2066
1999
1765
2499
1340
2920
2300
816
776
896
1782
1883
3
495
203
1189
581
1464
1136
2202
1246
1537
1283
1701
524
58
1892
1046
1304
1041
1460
574
1807
1098
745
2655
1260
850
2168
1947
1106
2875
1882
2247
829
2087
408
1805
72
605
2697
861
248
1867
1444
2762
1092
2218
1684
770
2081
511
2001
165
2826
2265
1389
1974
1622
2626
820
1218
487
2243
1831
1538
1670
1899
1360
38
2443
2274
2033
2153
2107
2602
2684
2133
1217
256
1018
1301
662
592
1954
46
2657
2892
1391
368
73
374
2966
1262
962
2511
80
1690
2910
1027
1296
30
2047
147
1673
866
1116
113
1259
188
1606
1848
2717
1744
517
222
982
1801
954
1724
2989
2199
938
737
1629
2524
425
1779
970
1653
2107
2169
1310
396
2270
595
1622
1870
246
2632
2700
2851
2322
2148
861
1871
2820
844
1392
1577
2677
2523
1732
931
1992
588
831
698
1894
1736
1583
1905
523
1250
1454
2570
117
2708
2360
1315
32
1811
136
1654
2323
2059
350
152
1534
1206
2008
1160
910
2043
252
2035
2468
1733
630
1992
1789
573
123
1274
418
2834
1986
2182
1396
2294
2079
1248
2639
186
1246
534
185
2428
1109
1708
1334
2840
498
995
2949
2964
1737
2991
1838
1684
742
0
700
269
1561
1171
2548
1883
2608
2573
1992
1561
771
1775
322
375
848
2080
343
729
2097
1855
42
2668
1242
280
1238
178
517
422
1490
1199
2003
782
39
2538
1542
193
1833
2200
313
1637
2559
934
2255
887
74
2153
883
618
1094
1277
1208
220
1138
184
2883
1953
2411
1235
895
1823
1936
2356
1344
182
11
2392
1632
24
547
1552
2716
92
595
2910
281
958
887
2567
575
1309
128
1632
849
1221
2075
936
58
1989
1708
2298
2368
1031
1317
265
496
1770
2518
906
2831
1170
2716
959
82
1616
2876
2990
1775
471
1739
1995
1678
354
356
646
412
2398
2265
2459
2422
704
840
2669
401
319
1817
2394
1321
1320
2680
1107
2705
286
2743
79
1388
2289
1686
598
1664
554
671
2647
1726
2509
2541
2475
2714
1938
103
510
69
1901
2832
1489
884
2577
409
44
750
2022
479
1024
95
2759
1666
2628
1194
661
351
1303
1737
1156
578
654
1671
2190
1768
1807
1684
2358
2421
1059
2187
2432
2480
878
2836
2810
582
100
1305
1885
2061
2496
84
2101
168
845
1011
665
2914
2674
2093
1425
1506
1497
2754
107
1424
2125
2908
4
1094
868
2182
1545
1969
2540
1328
212
456
2567
386
397
923
1268
1473
1969
684
173
1030
2323
174
912
1838
2100
195
1474
822
1509
662
2134
1592
733
1446
464
844
471
44
756
2609
1077
635
2204
1506
1740
1369
2024
2179
574
1790
2510
2020
1183
2289
2477
807
2043
309
284
766
165
1668
23
793
570
1383
2837
120
2740
2988
2552
307
813
2582
546
2173
2475
125
2689
1426
1477
114
1428
555
84
140
1948
1162
1710
2189
305
2455
1335
1875
858
2243
1902
88
751
907
136
1385
2773
1438
1975
246
1600
534
1391
1052
1575
2745
726
1457
1285
1818
2465
619
1056
670
780
2957
2726
86
1171
880
324
1803
1902
1049
260
1456
2284
1170
2043
2547
1516
1044
2753
386
883
21
1663
704
374
1847
1690
2425
538
1799
317
1568
2898
843
633
2284
2810
237
7
2327
1637
2445
1247
1757
2267
1578
1171
2589
2764
27
2707
1940
1008
1824
2967
1624
2575
928
1635
2487
2713
1605
1292
1215
2383
1749
1243
296
2672
129
1338
448
2076
2710
1276
2690
535
1959
303
196
1028
1763
752
1714
80
2483
1037
1030
2877
1345
1103
2342
1698
2849
2454
983
2951
1612
2367
1774
915
2685
2822
2074
300
516
955
925
2965
325
2422
1550
1523
1757
1412
2011
2766
594
187
1787
814
388
2571
2390
2165
2354
1451
1527
2514
2076
1562
2595
1862
1055
467
2096
1207
917
1011
1716
425
2948
1465
1169
2087
48
2131
51
2955
1430
398
1328
514
2586
2405
1201
1959
607
1028
2877
1344
2844
2931
2199
283
2844
1909
1101
1177
38
2999
2377
2111
1311
2149
2430
2405
2591
2926
455
776
1004
526
331
704
2854
498
2903
2873
2571
2818
613
2789
855
130
1808
191
464
854
64
2938
810
1185
1768
1480
1427
1118
2885
793
99
320
1908
1626
2611
1307
1490
1932
2409
162
241
208
1081
906
2932
1523
226
438
2906
423
2162
1571
1512
2226
2484
1374
2529
1254
2508
1907
2363
2304
1035
1997
113
2400
619
843
2200
2124
2832
487
288
1190
2046
861
1607
2472
2167
860
2725
2156
2179
345
1725
693
2658
2308
1905
1919
637
2182
1284
2923
407
1739
1293
1730
447
1537
460
697
424
490
2337
1173
1528
2710
2319
99
1435
2463
1469
844
2415
2161
711
1912
439
2246
739
742
392
1905
52
1849
242
2617
1669
1148
319
2967
2449
2314
1060
849
101
2809
1806
2664
406
712
894
2343
1250
2754
2009
2110
36
2380
475
1482
1930
181
2050
1606
841
1528
1699
2761
440
1478
1787
1631
1149
2185
1105
1547
2112
2374
670
631
2043
1426
658
1233
2100
2256
2747
266
422
1282
466
1436
2177
2107
632
2690
34
2221
2608
2556
2211
205
2694
986
1109
845
2774
2559
2093
2631
1520
1764
1256
1033
217
737
1708
312
401
341
2916
1195
2666
2873
1786
1524
1826
1033
542
2159
1073
1768
2437
2976
1776
1702
2254
650
1894
2935
2327
449
50
2259
773
2824
217
676
531
2609
2493
2802
2588
1592
217
1218
2285
878
857
81
2420
172
1500
2925
274
61
2289
1329
13
504
1652
976
2879
1308
1975
80
1948
1661
281
1778
2679
1859
1439
1195
974
771
1425
65
2685
1631
2949
2771
463
1260
32
2153
2913
16
2757
2956
1497
2851
1209
2340
734
2026
2338
1415
2870
950
183
2113
1522
492
2903
631
469
469
1498
2540
852
2997
1615
2826
1071
815
833
211
131
2179
1738
87
1691
2120
946
1178
2637
2143
2038
322
314
1865
1656
814
2913
1083
518
466
509
2838
1410
739
1294
2482
2775
1477
1422
2655
650
276
933
1662
1002
2113
2177
91
1642
2905
715
119
1650
724
1120
2348
1903
675
1710
1683
2997
570
1472
2510
1411
1616
1216
1829
1052
1319
265
2494
2470
689
2808
2721
680
1409
2748
2532
1566
2715
810
357
1397
1172
866
489
2040
20
671
2861
1262
201
2443
2271
2474
1176
2953
2577
1192
872
1229
1856
451
2506
313
10
2517
254
1673
1284
46
2898
1059
2040
2950
419
37
2729
2475
216
316
2158
1369
692
1029
2471
394
2532
2538
2264
841
532
2891
1724
826
1961
1637
1063
338
2685
265
2392
177
2672
771
1090
1671
2841
1087
2211
1746
1051
1670
2724
1341
1990
2404
1853
2829
611
950
1069
969
571
2200
1576
1908
1258
2769
1631
1036
508
738
1378
2298
1227
2449
2888
2220
2290
2389
2373
477
108
2747
371
252
2648
750
898
1216
1743
1030
988
67
1703
1255
207
2657
1274
8
2442
1522
675
1149
1216
1203
2754
496
633
1651
757
2917
95
2260
290
1742
693
1183
2848
1344
170
225
1942
592
1846
1171
2644
606
2836
2819
2182
1377
1413
2566
41
26
741
945
796
677
2239
120
1226
1693
1558
1653
1412
1372
2071
881
999
1279
1352
331
1480
2978
2554
2831
2877
2262
2272
2508
449
1014
1669
295
2015
912
1045
13
1312
1549
2572
2907
2504
198
652
2990
817
514
1850
118
2004
57
2756
1907
227
1570
2919
1486
1893
2044
2737
241
2767
292
1918
2587
2480
1708
2795
1699
158
2583
2625
1848
193
2553
2817
2132
2062
221
1778
2880
223
2179
2818
2502
1392
105
449
396
1159
1891
446
2244
873
2343
685
1065
1372
698
1581
1890
170
1263
1939
2824
2530
2248
2597
615
514
1103
72
768
757
2478
541
645
2024
936
1129
2434
2915
30
2604
1791
2667
348
2494
1508
2052
2559
2782
2938
1904
2583
1593
875
1694
176
625
2328
1538
2735
1807
598
1306
2993
29
2358
1980
1744
1369
599
1991
2870
1754
528
1451
2603
1370
165
690
2211
1815
188
972
44
205
127
770
36
1163
2875
2892
765
1460
2269
1936
2165
155
1015
194
2561
1744
776
2520
1516
2309
2303
752
2100
359
2778
1919
958
2074
2523
2458
639
1745
956
942
1858
2458
306
2132
1249
1425
230
832
2159
143
1216
1095
57
1261
2309
1194
1780
2961
789
1812
1422
950
795
2435
476
1259
333
796
2463
641
177
2681
2025
318
2938
1216
2850
223
875
140
868
518
285
44
2200
302
1821
1062
2048
1975
1397
1818
160
633
1602
2462
1541
1619
1035
1267
2532
949
842
178
411
387
2589
1886
1020
2725
1594
2202
2927
734
32
2575
174
1562
1451
693
1872
2137
437
1228
35
774
1810
862
1269
423
1070
1662
650
1334
1168
707
1138
216
160
543
2070
2191
1801
2996
926
2050
2605
2167
1626
2719
1856
1360
1481
100
1227
1011
94
915
2741
1528
1626
100
2684
391
138
521
2077
1938
2442
1400
499
1602
1670
1454
1749
1921
354
561
1835
2599
1390
159
510
1232
1138
109
2447
498
769
928
2513
2534
552
18
372
930
181
1401
1635
1412
2751
676
1555
2643
1662
437
140
1364
619
1180
2978
1832
2076
2801
1249
522
234
991
1726
517
141
700
2247
2747
2844
704
2747
184
1453
1352
2978
330
2226
1739
1875
856
125
221
2281
1087
2320
2534
1586
1410
555
832
1929
1065
1166
642
1312
2191
1006
981
1589
1081
756
815
423
1074
2674
2926
677
851
746
2668
449
2176
2805
1875
568
1629
2723
2465
1544
1571
1180
1913
1972
2549
84
2208
2498
1663
781
1397
1644
507
1013
196
1092
744
9
2995
2285
2106
1774
1419
614
1047
1981
1528
1528
413
1250
2683
177
2641
905
2004
399
2004
1293
859
1069
2553
877
2456
1993
2049
543
1345
1968
1759
1588
2430
264
2618
2065
2345
2930
1537
338
151
463
1109
61
482
2465
424
261
526
2963
2299
1046
1915
1153
2979
1548
1542
350
1779
1378
2482
2773
2269
41
769
993
2316
327
540
2309
1319
520
2174
1076
2450
338
1859
733
1831
1766
276
7
2895
1191
2803
277
1374
2793
2429
2375
569
1994
2971
2328
1936
740
1720
1665
362
1257
743
1648
934
2618
31
1228
141
1620
1742
2875
2903
1705
2965
2149
127
1545
355
55
2279
1684
1844
759
767
1514
1766
750
2712
2416
2053
2564
2111
1983
661
2702
2754
345
1033
903
1048
363
2741
453
2075
237
2211
2726
2407
2355
774
608
1397
154
2434
1531
1172
2231
2730
1306
2778
2416
1219
1657
1926
2832
2134
2173
1503
151
91
1556
347
1429
2431
2449
2144
816
930
193
586
1207
1108
1916
1516
2862
1542
1993
1696
1008
2385
225
343
226
2296
1960
1438
1215
313
2281
1211
1958
603
2773
2553
2696
1850
2011
2453
755
2711
937
1069
2302
568
2141
1859
2388
920
2628
671
2632
2198
1410
676
2509
2955
1051
655
1895
1217
597
61
1070
2365
196
34
1579
356
1971
1500
398
2337
493
2442
2715
656
223
1892
931
2134
656
1675
1750
640
1627
144
818
1224
414
2982
829
170
1071
430
2535
1634
1771
1060
2212
1118
187
2648
267
2190
2199
1669
375
1956
43
2922
2219
1897
1495
647
1773
426
2903
1389
1663
803
2756
2620
2173
1865
1326
2544
2321
1121
1486
1381
251
2956
636
2189
753
2744
653
2050
1090
495
2804
1912
552
994
2857
1223
1641
2774
2442
392
824
2942
2501
710
1095
593
1842
1960
2654
3000
198
582
1151
2114
413
286
2129
396
1200
263
1043
1246
432
2313
2552
1647
2063
2600
149
771
1821
778
2790
686
2208
2963
979
165
417
496
1934
1254
1609
1687
1419
2090
1237
2735
1820
2106
867
2528
289
1904
1694
180
850
1188
1752
1329
614
718
2881
1086
1742
2049
1514
2796
1735
1059
42
1400
103
1885
1309
1514
2291
2692
383
1474
2769
2017
1621
2908
1255
1387
2488
2664
1310
1168
1568
224
1496
1803
118
266
2891
2429
880
2968
1321
956
2229
1538
2776
2204
1105
647
1021
850
1904
1353
504
2411
2017
2389
1516
1911
2440
2716
1317
1832
1655
1014
2732
220
1264
1740
1831
2890
1691
2243
1379
1507
162
2077
225
986
1412
815
837
1016
2677
571
1444
2477
2820
330
3
494
460
469
1816
2153
74
2710
303
2283
1821
382
2485
1341
1390
2731
2605
256
19
2239
2667
2312
2687
1751
1861
2731
1561
2721
2957
2282
367
35
663
1033
580
1833
259
2873
2735
301
938
2497
1548
2486
304
1520
855
1839
346
2559
458
1309
2043
664
1344
2050
99
2359
1223
1404
762
1042
1842
820
2893
2221
2936
758
887
2401
2536
2048
2283
1864
855
65
697
2988
2742
2792
2770
1532
626
1901
1397
662
1421
227
585
1115
753
2268
2580
2646
409
1905
1958
566
2743
1197
2730
831
852
1570
2192
153
2439
892
1840
107
2311
756
2838
1125
2345
464
755
761
2543
120
1881
2205
21
841
807
2238
1906
1809
1254
315
2464
2606
1252
1415
1402
1182
682
161
1466
2649
711
2446
2049
2185
1084
1217
1803
2002
115
2757
108
598
1432
1537
1893
798
2279
2303
1697
1094
1193
883
2513
614
1062
1261
2349
2912
2063
1291
65
391
2513
2750
2523
349
388
1839
146
1729
2366
1493
783
1099
177
1793
573
557
2228
1861
2843
2901
2925
721
1432
1893
1325
138
2597
1345
1954
2656
2954
1846
2482
2516
1515
862
2306
1185
1980
2767
1546
2853
2378
1002
1529
309
121
1940
1735
1747
837
2014
1223
2868
2673
1413
1772
457
1916
1334
1308
1147
483
2776
1980
1903
1330
1087
450
2158
2584
247
1557
587
1043
2646
77
306
2505
1113
1512
2073
1205
2433
1562
51
2257
1260
2941
1696
2383
298
2155
436
949
526
1565
2772
2839
2780
1389
709
815
1637
2935
2084
2559
2010
2618
2644
1642
2838
2627
1645
1890
341
583
1365
2279
140
891
2068
467
2974
153
2060
2488
655
1855
408
1184
2966
753
2122
374
221
290
2383
1274
2450
2896
618
274
2866
2278
507
1623
1237
106
1250
172
1311
2984
1868
22
1639
2122
1083
2591
319
1684
743
1566
2521
2741
2497
1805
2821
2712
2537
222
2513
1027
1364
1606
1410
1807
389
792
695
1834
1526
1517
920
187
2946
2865
440
2772
556
855
217
1922
2418
1572
759
1736
1365
1745
1841
590
231
292
2212
985
161
1528
1367
1284
504
2348
2643
1181
2557
2622
416
328
682
1730
1127
367
728
1237
1945
1475
998
1528
827
772
1381
1625
2610
53
390
2324
504
2659
1823
250
1068
1388
1141
2560
2327
1859
1224
339
2003
2351
2439
935
2008
889
868
301
361
7
40
2398
235
2179
849
2248
350
1178
154
2637
993
1786
2935
2891
724
1927
307
344
792
2759
1266
2198
1003
1148
2334
1473
671
2167
908
1973
1795
1313
2472
2935
2958
2245
1387
1129
429
2869
2322
1821
2472
877
2817
981
1115
2003
1880
677
2942
2592
2376
582
262
129
2269
48
1984
2885
1050
2581
1605
641
3
1143
430
2367
1018
2000
957
48
1573
2200
2643
1720
403
1356
258
1046
34
749
2975
1358
1836
884
1158
1937
2509
727
1975
2308
1364
1348
1524
1796
2336
1891
1831
32
629
2541
659
1154
1094
731
793
2698
594
1541
324
267
1653
